TILEMAP
50 11							-- Size of tile map in tiles
32 64 							-- Tile size & block size
images/blocks.png 	-- Tilesheet
2 2 	
11111111111111111111111111111111111111111111111111
1                                  11111         1
1       11111         111                        1
1       11111         1111111                    1
1       11111         1111111      11111         1
1       11111         1111111      11111         1
1       11111         1111111      11111         1
1                     111          11111         1
1                                                1
1                                                1
11111111111111111111111111111111111111111111111111